Br_Length
91.069118
2.298559
2.195203
7.553313
3.511858
62.284539
29.817111
10.726213
13.714872
37.959562
0.957058
10.473204
3.038966
4.907673
3.675847
4.910301
9.741305
72.091954
39.838821
8.143985
19.129194
13.099198
60.254428
18.930882
1.081518
13.310351
9.680741
1.786007
1.932687
0.468797
0.535868
1.310525
0.103161
1.369339
0.122706
0.038241
0.040110
8.905787
7.354221
1.460969
0.052528
0.062047
4.727728
1.052084
23.489430
7.748723
27.493751
4.224298
9.608233
2.787274
2.270722
5.264561
4.372433
0.220090
9.788739
3.837980
0.843406
0.135879
1.903278
5.375640
0.304196
11.971672
5.955687
1.214137
39.640039
17.188777
4.379265
25.034547
10.609910
1.380050
4.481663
5.396289
20.487862
20.487862
6.196894
15.079978
2.507182
11.439549
2.727587
16.910193
8.186642
3.950350
19.275464
1.647965
1.610659
1.310035
3.475958
2.141722
4.400666
12.540127
5.654802
0.610537
1.888731
23.539026
4.530803
0.441530
7.159468
0.034755
2.412933
24.615209
0.342954
9.371913
4.732273
4.848674
10.750829
0.036874
7.415543
4.982480
18.563418
3.733266
3.696143
2.622666
3.633367
20.015972
1.932527
16.902364
1.059706
7.711429
4.934705
0.317133
1.257946
7.409823
5.333581
0.647686
1.276166
5.950317
6.140171
2.524108
2.712771
1.015267
10.175626
2.116178
0.052656
5.284117
5.136533
0.216935
2.341363
0.050447
1.637860
2.003343
0.422970
2.264447
3.042309
0.762838
2.773910
6.665976
0.060479
8.437164
2.785981
0.270575
0.704526
16.774225
8.885768
7.287690
0.416795
4.230774
2.656646
1.749498
3.947077
9.683326
18.159861
21.127369
5.035833
24.415556
8.191584
4.086291
14.226607
26.722482
16.303181
1.882327
11.863951
6.729476
4.976416
8.884823
5.846036
3.641896
21.286388
12.372908
2.834186
32.490417
1.609374
3.156194
24.461367
32.280502
16.006235
4.434798
7.139463
4.945827
2.790029
0.523046
12.868949
28.122694
6.251950
19.776327
7.222360
8.332144
4.047482
5.772305
7.479594
5.171519
10.254959
1.749240
18.020809
1.686212
2.090389
20.780251
6.367269
9.907122
35.852672
2.094865
34.084160
3.923542
20.558194
22.005980
0.045289
12.645192
10.371799
28.689803
1.806088
20.732284
0.046146
11.443973
15.117160
28.107041
9.336482
0.018717
7.705642
11.160436
23.775843
15.165068
28.379722
3.338705
19.636858
4.485057
24.406900
14.154000
3.145519
17.477102
5.320078
12.792181
12.416436
11.263707
0.628957
3.806785
9.384931
20.266606
30.756663
11.839416
1.354489
1.520598
12.054922
12.887688
0.084306
47.295238
30.922876
8.538776
34.826602
0.066770
11.861688
5.350106
17.457733
4.204672
5.297352
1.611520
11.214677
28.098353
23.148436
21.198317
19.059924
11.208633
24.047076
14.650408
3.211183
0.938670
17.988307
1.549051
5.107360
3.243406
0.051401
1.927267
5.080385
0.050803
1.890899
1.833055
1.403383
0.094505
1.135063
2.627640
0.040531
0.039552
0.668701
0.239938
0.044951
0.039063
0.067211
0.297337
0.129696
0.680327
1.185218
0.993904
4.633947
1.576116
0.248155
3.754734
0.112142
2.587265
0.101643
2.540813
1.451591
6.736338
5.730625
5.115031
3.114616
7.543223
1.924240
1.090826
1.901009
4.766276
7.744420
0.057655
2.226225
0.309539
3.892023
6.040856
7.814143
1.624175
7.327221
3.214346
0.619756
63.068258
1.318567
24.535959
7.695748
32.025931
31.185478
31.848730
0.093246
7.652393
2.974586
17.531086
53.972842
16.005773
0.092159
1.553746
40.246258
25.323234
0.065277
51.810000
12.741947
1.702015
3.230672
0.066748
9.976056
32.732535
9.090059
0.102937
55.992097
25.620904
30.214823
32.763693
31.949903
2.803329
5.689263
0.069818
28.670198
5.972866
10.787291
16.212709
17.619893
8.009078
0.507088
23.478988
5.109423
34.524515
32.581947
2.500002
0.432784
41.713639
6.234752
27.275737
30.305313
5.870409
47.474487
8.646731
3.082304
37.654760
3.367873
31.835784
7.611480
36.067147
7.419173
4.654659
61.624589
38.471876
12.842997
44.944761
5.261435
41.646649
28.376255
19.643827
5.209523
46.596889
20.536273
3.741896
32.922053
15.246200
0.048214
0.374134
0.610537
21.983901
44.273937
26.738297
15.776760
8.484943
36.622075
9.495520
8.619439
20.308469
5.515347
16.640105
16.864332
8.517799
20.202809
1.514699
44.602527
1.920010
36.877225
3.904887
26.035817
19.122234
3.445537
0.073562
25.654142
0.036661
32.529243
32.463358
0.065885
22.215405
13.695563
0.525801
3.758868
50.202948
0.049350
2.814950
24.783142
14.026179
0.378613
3.623194
43.734998
43.694352
11.550618
34.497115
4.881258
15.581569
27.221627
27.220864
0.630125
1.161331
31.590244
31.590244
7.255546
0.629424
24.334698
2.749801
29.976570
9.574613
3.444187
31.490716
23.340820
6.229161
2.693001
19.955281
25.724963
25.724963
32.431547
29.394242
1.167486
3.798076
44.126266
8.705440
19.787688);
56.073553
12.379716
3.258081
2.508551
0.111578
5.624640
2.075714
2.466037
7.314837
5.476711
4.174989
0.250705
0.056881
0.139986
0.025029
0.178032
0.321048
0.052234
0.096189
0.044005
0.157888
0.416620
0.046089
0.304603
0.646837
1.944032
3.474958
0.349780
0.860618
9.624955
1.043712
6.307934
6.012126
1.218262
3.362778
1.615397
2.444411
1.878202
6.889786
5.401650
0.504159
6.359657
0.869939
0.516222
6.026745
1.338508
1.875836
6.507322
1.333438
7.317991
0.948565
7.291621
0.161330
0.157499
8.947583
7.580268
2.159493
3.884015
14.206659
3.998760
6.614346
3.311236
2.802339
20.770411
5.256671
2.789959
2.620400
2.028578
3.680704
15.857369
10.668829
1.889574
4.436290
2.202116
2.728408
8.447866
1.673580
11.621608
0.032130
1.651412
15.288491
4.880378
1.795101
1.957183
1.925998
0.606828
7.812610
5.243077
9.740644
4.451732
8.011622
30.017532
0.031047
32.779878
0.046041
28.955687
26.661753
12.076241
1.530956
2.261068
5.259776
0.019340
12.978760
3.194415
3.755505
5.679450
10.262781
1.807789
9.868752
3.509193
7.138658
0.958542
9.399276
1.191837
12.083358
22.483645
16.167144
3.774429
11.280384
24.780101
10.325222
30.276230
4.532042
30.093745
4.923819
16.282686
6.787600
6.751050
0.625083
6.545195
1.777417
5.027824
3.461760
5.726786
0.536745
2.035107
1.274089
7.935565
1.480989
3.479713
4.915304
2.767733
4.136177
22.706145
18.271141
4.350402
12.217035
7.856120
26.618366
3.456765
1.426411
13.591056
0.055232
10.262652
7.334251
7.844256
13.134881
10.353790
3.319040
9.494103
0.797638
23.971394
1.440591
37.987150
21.088937
15.315728
5.169271
5.709210
30.387176
7.979473
18.260380
20.064284
1.985557
8.830497
