56.073553
12.379716
3.258081
2.508551
0.111578
5.624640
2.075714
2.466037
7.314837
5.476711
4.174989
0.250705
0.056881
0.139986
0.025029
0.178032
0.321048
0.052234
0.096189
0.044005
0.157888
0.416620
0.046089
0.304603
0.646837
1.944032
3.474958
0.349780
0.860618
9.624955
1.043712
6.307934
6.012126
1.218262
3.362778
1.615397
2.444411
1.878202
6.889786
5.401650
0.504159
6.359657
0.869939
0.516222
6.026745
1.338508
1.875836
6.507322
1.333438
7.317991
0.948565
7.291621
0.161330
0.157499
8.947583
7.580268
2.159493
3.884015
14.206659
3.998760
6.614346
3.311236
2.802339
20.770411
5.256671
2.789959
2.620400
2.028578
3.680704
15.857369
10.668829
1.889574
4.436290
2.202116
2.728408
8.447866
1.673580
11.621608
0.032130
1.651412
15.288491
4.880378
1.795101
1.957183
1.925998
0.606828
7.812610
5.243077
9.740644
4.451732
8.011622
30.017532
0.031047
32.779878
0.046041
28.955687
26.661753
12.076241
1.530956
2.261068
5.259776
0.019340
12.978760
3.194415
3.755505
5.679450
10.262781
1.807789
9.868752
3.509193
7.138658
0.958542
9.399276
1.191837
12.083358
22.483645
16.167144
3.774429
11.280384
24.780101
10.325222
30.276230
4.532042
30.093745
4.923819
16.282686
6.787600
6.751050
0.625083
6.545195
1.777417
5.027824
3.461760
5.726786
0.536745
2.035107
1.274089
7.935565
1.480989
3.479713
4.915304
2.767733
4.136177
22.706145
18.271141
4.350402
12.217035
7.856120
26.618366
3.456765
1.426411
13.591056
0.055232
10.262652
7.334251
7.844256
13.134881
10.353790
3.319040
9.494103
0.797638
23.971394
1.440591
37.987150
21.088937
15.315728
5.169271
5.709210
30.387176
7.979473
18.260380
20.064284
1.985557
8.830497
